INDEX GENERUM ΕΤ SPECIERUM

m vomunt sucum Dnscmr‘ronuu, 1(Εο NON omnm mmm(
Annomonvn.

Abolmoschm 110101111111, 118.
101111001111111, 1551 11011111, 166.
111111 formosum, 88.

Agrostoerinum, 941 11111111011111, 96.
14110011 quadrifidum, 148.

11111ςί1111, 84

1111111111011, 92, 140
1111111111111111110111111,16911111111111170.
1111110011111 Hopwoodii, 188.
1111011111,89,158.

Δ11111011,88, 106.

1111111011, 108.

Aristolochiae, 166.
11111010111111111111011, 1661 Τ11011111, 167.
Aristotelia Δ11111111111, 79.

Asperifoliae, 139.

1111111111», 32.

111111110υεί1 10111011011, 26, 171.

“ 111011110111111101111, 124.

Bolbophyllum exiguum, 72,175.

11111011111111111110111991 11111111119911111110111111119811111111111971
111111011111110011111111111111981111111111100111111110111101

1101111110111111, 1201 1171111111, 120.

11111111τί1111, 4.

11110111 Α111111111111, 119.

(111111111251 1111111111 111, 26, 171.

311111311111101111111111, 188, 111101111111, 134.
1 1111111 11,.2

01111111111110111111, 79.

0111101111) 11, 891 Australis, 90.

Chloanthes 1010111111, 21.

Combretaoeae, 149.

0011108111, 15, 88, 110, 131, 135, 154.

0011011111011, 22.

Corethrostylis oppositisolia‚ 6.

0110111111, 142.

01111111 stipata, 75, 175.

(1111101111111, 1571 11111101011111, 158.

Ι)11111)111111110111111, 17, incana, 17.
111111011011110111111011111111Ηο011111,112.
1111111111111011111, 1061 adnata, 105· 111110111111,1051 0111111011104.

 

