186

Hodgsoniola, 95 , 199911999919, 96, 176.
11919191999919119911119, 199.

Hominem, 197.

Η919911999 9191191199, 197.

Hydroeotyle grammatocnrpa. 198, 999991999999, 199.
Hymenosporum, 77 , flavum. 77.

Hypocalymma longisolim 98 , 99919999191999, 99.

11191999, 119.

Ipomaea modesta, 99.
191999999ω,76, 175, 9919999999, 76.
199991999911999, 139.

1999999, 119.

119919999199919999199, 140.
1199999 brachyandra, 97 , 9919991999, 98 , 99999199, 98.

19999991991999 1191991111, 140.

{fflgetdum 0191191111, 6, 999991111911999, 5.
eae, 99

19999919 9999119, 107, 1911919, 107.

leguminum, 15, 88, 104, 199164.

Ι9999999911199919999199, 90.

minoem, 94.

9999119999, 90.

1999119 9199919999, 90.

1999919999, 137.

Loranthaoeae, 109130.

Lumnitzera montana, 149.

Malphighiaoeae, 95.

919199999, 11, 113.

119τί991999 9991119999144, rhytidosporeus, 145.
Μ91919999 1199911, 194.

1199999 Australis, 149, procumbens, 149.
911119119 11199911, 193.

1111999119 999199191199, 154.

Mollugo Cerviana, 148.

Myriophyllum latifolium, 87, trachycarpum‚ 87.
Μ1919999, 90, 85, 194, 169.

Myrtus Beckleri‚ 85, Τ9999911, 86.

11971919 ligamina, 130.
11999991999999, 141.
Nymphaea gigantea, 141, 91911919, 149.

09999919 9911919919, 94.
09991199, 94, 71, 99, 167.
0991999999 9991199199, 131.

· Panax cephalobotrys‚ 80, 176, 99999999199999,108, 176, 11999911, 106.
Ρ99999919919ρ9999991999, 158, eucalyptophylla, 159.
Petermannia, 99, 176, citrosa, 93.
1111999999, 76, 144.
Pittosporum ovatifolium, 73.
Plantagineae, 93.
11991999 stellaris, 93.

 

