191

(1666661161. 107.

(1666161166166616616616, ii. 169, 1166166666, 11. 169.

(166166, 1 64.

(1636161. 1016

(11661166 6166111666, 11. 110.

(1166161616 glaciale, 1. 16, Μ66161, 1. 16.

(1116661616 arborea, i. 26.

(166611661611 157, 61666661666,11. 168, 6666666666, 11. 168.

(16666616 61116611 16, 6111111616, i. 119, barbata, ii 176 , 1161116111616,1 117,
661661616, 1. 119, 666161661. 166, elongata, ii. 16, glauca, 1. 116, 11. 16,
11616166611161.117 , 166666, i. 166, 16166166661166,1. 117, 11. 112, 61616,
i. 206, 6661666161 116, 11111. 112, 616116666611661 166, 6616616·
6666611. 112, 616666111116, 1 114, 61616611616, 1. 116, 6116661616161.
206,11. 111 , 16661161. 116 , 166611116116, 1. 117, 11661661120.

(166616, 1 168 , retusa, 1. 242.

(116111166 666616661666, 1 137, 6661116116, i. 136, (1111666666166, 1137,
6166616616, 1 136, 1611666666166, 1. 137,116661116116, 1. 136,1611616,
1. 138, 66616611161 135, 611166661666, 1 136, 666166616116,1. 136,
6161116116, i. 136, 6666111616, 1. 136, 661616166116, 1. 137, Τ116161666616116,
i. 137, 11666611 137.

(1661161661. 64.

(161666661161. 143.

(166616 Australis, i. 90.

(116666166616, 11 2.

(1616616666, i. 201, 666611161616,1.202, 661161161166, 1661, pungens,
1 202, 1616616666, 1 202.

Η611661666116116, 1 20.

1161666661661 666116166166111, 1. 140.

Haloragis 861161. 108.

Η6616161116 Bungei, i. 36.

Harmogia 6166611616, 11. 31 , virgata, ii. 31.

1111166116 61616, 11. 104, Η11111, 11 104, imbricata, ii. 104, 6666611611 104.
Heliehrysum scorpioides, 1. 36.

Η611616 666116166166, 11. 91.

Η6116161661 6166661611. 167 , 6616666611. 117.

= Hemigenia rigida,·i 210.

Η6161611666,11130. .

Η661111616616, 11. 1, augustimum, 1. 162, 11666161 162, revolutum, 1 162.

Η616161661166 11666116, i. 162, ii. l. ⁴

Η6611616116, 11. 130.

Η616166666166 6161161166, i. 46.

Η1111161116 666616, i. 162, 6611666166, i. 162 , 61661666666,1.162, 61616166,
1 162, saligna, 1. 161, 6616611611. 2, 616116116112, 1111161611. 2,
11666166111611. l.

Η111166116 116661616166166, i. 220, 666661166611. 119, 1111161111, i. 221, 11. 116,
6616116666, 11. 221, heterophyllus, ii. 117, Κ11611661111, 11110, 166611-
16116611. 113, Μ6166611, 1., 220, 616166616666, 11. 116, 6161116666,
i. 220, 66616666666, 11. 117, 16616166, 11. 13, 1111161166, 6616,
166616611. 116.

Η616166161666666611616, 11 130.

Η6166111161 brachybotrys, ii. 127.

Η61661666611161 lineatum, 11. 77.

Η6666116, i 107.

Η111116, i. 162.

Hydrilla 16111666161. 94.

Hymenotheca aeaeiiformis‚ i. 202 , 6611611666, 11. 161 , 6616616666, 1. 202.

Hypocalymma 666661166611. 29 , 6661166611. 29.

 

