184

Βο01133133111331313, 92, 00103101003, 92.

Dendrobium 1101111, 93.

Desmodium 30331100130313, 122, 10311103131313, 111.
Β10133131133311110113, 160.

111Πο313003, 1.

1103οο103, 32.

Dodonaea 113303113113, 143.

1101130330131331 concavum, 139.

11011313 31313310333, 135.

33003333 3133013, 81, 175, 10103013133, 143, 01013133, 80.

311303, 145.

Elatiae 3313133310003, 147, 300100113113, 145, 30103313, 146.

1131113313, 2, 031000110013, 3.

1130133013 virens, 90.

Eremaea 3031110113, 30, 0013010313, 29.

1103103113 Βο313331, 139, 0033110113, 160.

111103103103 113131031, 101.

1111111110ρεί3, 154, 010103, 155.

1303133133 30011313, 64 , 313133, 68, amygdalina, 53, 0011301003, 48, 175 ,
0310313113, 35, 171 , 0331101313, 173 , 0111100013, 47, 174, 00300101, 42,
00113003, 52, 0013313, 39 , 0013131033, 46, 174 , 00133003131, 43 , 11013-
1013103, 55, 0313033, 69 , 0131110031311, 32, 013111000133, 33 , 03003-
3101003, 35, 30110113, 85, 176, floribunda, 40, 1131100101331, 57, 31333103,
44, 171 , globulus, 68, 301331000311313, 36, 3031003131, 48, 31301113, 55,
(133311, 32, 1331331033, 51, 175, 1030013103, 60, 175, 13301003133, 41,
133031313, 47, Μ31133031, 41 , 3131313313, 174, 3001000133, 50, obliqua,
172, 000100313113, 39, 0001313, 65, 0101101011, 37, 010033, 56, 3331031313,
174, 301310110113, 61, 311313113, 172, 31301113, 173, 31031003133, 37,
1101331333, 38, pulverulenta, 70, 1031311013, 172, robusta, 43, 171,
3311333, 173, 3101131313, 45, 174, 1011331013, 34, viminalis, 64, Woollsii,

Euodia 00133013, 102.

Euphorbiaceoe, 14, 152.

11331010130131111331113, 152.

113131131000011103, 110, 0330311110113, 88.

113310311113110311, 187.

(101330131311110113, 82, 175.

(1030113113 311301010οε, 169.

(1031133οω, 21

(10000313000, 16, 110.

(10000313 0131110113, 110, 176, 00133003133, 16 , 1030113, 111.
1130113103 3013311333101003, 134.

Η31013303, 87.

Η3333101013, 9 , 333011131113, 3.

Η31130313 001330333110, 30 , 0113310013, 31 , 0131110113, 32 , 3031113013, 31.
Η3133113 31313, 103.

Ηο11013313111111013, 91 , 1013110113, 91.

Ηο110111333130110131331, 83 , 301310311331, 156.

Ηο113101313303113101110, 157.

Η1111101113 3310313, 1.

Η11113033Βο0111011, 117, magnificus, 118, 33303111011313, 115, 30313313133,
13 , 13013133, 117, 301331101133, 116, 8131111, 13, 11103310, 115,
Ηο<1311111131111113ἶ Ι1112, 0331111013, 132.

 

